          0
          0
          0
          0
         39
          4
          0
         30
         26
         28
          3
          6
          1
          0
          0
          0
          0
         20
         28
          0
          0
         19
         18
          0
          1
         48
          2
          0
          1
         14
          0
          0
          0
          0
          0
          0
         12
          0
         51
          0
          0
          0
         32
          0
          0
         12
          0
          9
         11
          1
          4
          0
          0
          0
          0
          0
          0
          0
          0
          0
          0
          0
         12
         37
          8
          0
         33
          0
          0
         81
          0
          0
         15
         24
         37
          9
         33
          1
          1
          4
          1
          0
          0
         42
          2
          0
          0
         36
          0
          0
          0
          0
          0
         67
          0
         12
          0
          0
          6
          0
          0
         15
         30
         41
         16
          0
          0
          0
          0
          0
          0
          0
          0
          0
          2
          0
          0
          0
          0
          4
          0
          0
         25
          1
          0
          8
          1
          0
          0
          0
          0
          0
          1
          9
         27
          0
          0
          2
          4
         11
