     698675
     101167
      -3365
    1240819
     179651
     154495
     190095
      51087
      50127
     419711
      -7529
       5987
       5919
      -3693
       7251
      42207
     -57313
     -46261
      43331
     -14997
     -40585
    2702295
       4603
     104795
     782751
      19907
     -17845
     -78493
     -34777
     252171
    2432251
    1300527
       7311
       4559
    1809003
      56823
      35655
     178331
      76319
      43295
     -11685
     -66733
     228131
     973759
    2583479
      75523
    9029363
    -266973
     -34725
     -86429
      18831
     446067
     230995
      12671
      78035
     -35017
     -86485
