       113
         0
         0
         0
         0
         1
         0
         0
         0
         0
         0
         0
         0
         0
         0
         0
         0
         0
         0
         0
         0
         0
         0
         3
        28
         0
         0
         4
        49
         0
         0
         0
         0
         1
         4
         0
         0
         0
         0
         1
         0
        73
         7
        11
         0
         0
         7
        21
        12
        91
         0
       176
         3
         0
         4
        23
         3
         0
         0
         0
