          0
          0
          0
          0
         39
          4
          0
         30
         26
         28
          3
          6
          1
          0
          0
          0
          0
         20
         28
          0
          0
         19
         18
          0
          1
         48
          2
          0
          1
         14
          0
          0
          0
          0
          0
          0
          3
         71
          0
          0
          0
         63
          0
          0
          0
          0
         21
          3
          0
          8
          0
          0
          0
          0
