0
0
0
39.532707285866756
4.27306709305615
0
29.71902090311629
27.970799370764286
25.671152853304395
5.80474126726971
5.498724347690458
0.9064405351396745
0
0
0.746688843590677
0
20.213665642050284
27.608899088584902
0
0
18.82235470792927
17.638174618809792
1.9896611944629823
0
48.861139963653834
2.405333237662239
0
0
15.10547842377267
0
0
0
0.26151285549788733
0
0
1.747352000962585
72.78358136257292
0
0
0
62.27792075367539
0
0
0
0
22.488779754410636
2.452721190569248
0
8.971972324658212
0.11070589602897433
0
0
0
0
0