0
0.0624187467475126
0.124353001771596
0.185333199908140
0.244918662403709
0.302709729332108
0.358357398350786
0.411570055674023
0.462117157260010
0.509829973735257
0.554599722349382
0.596373555479242
0.635148952387287
0.670967074206874
0.703905603936621
0.734071519604341
0.761594155955765
0.786618812108697
0.809301070201781
0.829801909985960
0.848283639957513
0.864906617720742
0.879826699651985
0.893193340400351
0.905148253644867
0.915824544168762
0.925346225311741
0.933828043222592
0.941375538497287
0.948085285604406
0.954045260179949
0.959335293314682
0.964027580075817
0.968187216576371
0.971872745913509
0.975136698293628
0.978026114738814
0.980583047037052
0.982845029172576
0.984845517464279
0.986614298151431
0.988177862287512
0.989559748612883
0.990780855641252
0.991859724568208
0.992812794837160
0.993654634315030
0.994398146065758
0.995054753686731
0.995634567109309
0.996146530673345
0.996598555177130
0.996997635486526
0.997349955165574
0.997660979469889
0.997935537926491
0.998177897611199
0.998391828128742
0.998580659201799
0.998747331683781
0.998894442726153
0.999024285754436
0.999138885837351
0.999240030970496
1.000000000000000