       113
         0
         0
         0
         0
         1
         0
         0
         0
         0
         0
         0
         0
         0
         0
         0
         0
         0
         0
         0
         0
         0
         8
         4
        44
         0
         0
         0
       359
         0
        72
         0
         0
        42
       238
         0
       201
         0
       202
        44
        26
       122
         5
         0
        35
         4
         0
        59
         1
         0
         0
         0
         0
        23
         0
         0
         0
         0
        43
         0
        72
        22
         0
        17
         0
        66
         0
        25
        56
         0
         0
         0
         0
        26
         0
         0
       100
         0
       121
        30
         0
        57
         7
        76
        54
        12
         0
         7
         0
        22
         3
        64
         0
         0
         0
        92
         0
        11
         9
         0
        10
         0
         3
         0
         0
         0
        12
         0
         0
         2
         1
        26
         0
        32
         0
         0
        45
         0
        88
         0
        61
