         0
         0
         0
        39
         3
         0
        33
        24
        27
         0
         0
         0
        26
         0
        15
         0
        37
         0
         1
         0
         0
         0
        48
         0
        34
         0
         0
        11
         4
         0
         0
         0
         0
         0
        14
        15
         0
        42
        25
         0
        19
        17
        36
         0
         0
         0
        33
         2
         3
         0
        56
         0
         0
         0
         0
         0
         0
         0
         0
        31
         0
        15
         7
        23
         0
         0
         0
         0
        16
        33
         1
        19
         0
        10
         4
         0
         0
         0
         0
         0
         0
        37
         0
         0
        82
         0
         0
         4
        59
         6
         0
         0
         4
        25
         2
         0
         0
        65
        14
         0
         0
         1
        33
         2
        42
        12
         0
         0
         0
         0
