          0
          0
          0
         40
          5
          0
         32
         28
         26
          6
          5
          2
          0
          0
          2
          0
         19
         30
          0
          0
         19
         21
          0
          1
         49
          3
          0
          3
         13
          0
          0
          0
          0
          1
          0
          5
         68
          6
          0
          0
         63
          0
          0
          0
          0
         22
          2
          0
          9
          0
          0
          0
          0
          0
          0
          0
          0
          0
          0
          0
          3
          0
          0
         56
          3
          0
          6
          0
         22
        101
          2
          0
          0
          5
         43
          0
         17
         51
          4
         32
          5
          0
          4
          3
          0
          0
         41
          6
          0
          0
         34
          2
          0
          8
          0
         39
         92
          0
          0
          5
          0
          0
          8
         27
          3
         54
          0
          0
          0
          0
          0
          0
          0
          0
          0
          0
          0
          0
          2
          0
          0
          0
          0
          0
          0
          0
         22
         21
          3
          0
          0
          0
         11
          0
          0
          0
          0
          0
          0
          1
         10
         27
          0
          0
          3
          3
         13
          0
          0
         21
          0
          0
          0
          0
          1
          0
          0
          2
          0
          0
         73
          0
          0
          0
          0
          0
          0
          0
          0
          1
          0
          0
          0
          0
          1
          0
          0
          0
          0
          0
          0
          0
          0
          0
          0
          0
          0
          0
          0
          0
         40
         20
          1
          1
          8
          7
         60
        119
          3
         16
         30
          8
        227
         15
          0
          6
          0
          0
          7
          8
          7
         59
          0
          0
          0
          4
          0
          0
          0
          0
          0
          0
          0
         12
          0
          0
          0
          0
          1
          0
          0
          0
          0
          1
          0
          0
         56
          2
          0
          0
          1
          0
          0
         68
          2
          0
         81
         11
          0
          0
          0
          1
          0
          4
         67
         17
          0
          0
          1
          0
          0
         21
          4
          0
          0
          0
          5
          3
          6
         22
          1
          0
          0
          0
          0
          0
          0
          0
         51
          8
          0
          1
          0
          0
          0
          0
          0
          3
         53
          2
          0
          8
          0
         20
          3
          0
          1
         82
          2
          0
          4
         11
          0
          0
          1
          1
          0
          0
          0
          1
         15
          5
         16
          2
          0
          0
          0
          3
          0
          0
         66
          6
          0
          0
          0
          0
          0
          0
          0
          0
          0
          0
          0
         14
         21
          4
          0
          0
          0
          0
          1
          0
          0
         13
          0
          1
          0
          0
         55
          2
          0
          2
          0
          0
          2
          0
          2
          0
          0
          0
          0
          0
          0
          0
          0
          2
          0
          0
         10
          0
          0
         10
          0
         11
        129
          4
         52
         45
          0
          0
          2
          0
          0
          0
          0
