0.000000
0.000000
0.000000
38.000000
4.000000
0.000000
29.000000
25.000000
29.000000
2.000000
7.000000
0.000000
0.000000
0.000000
0.000000
0.000000
20.000000
27.000000
0.000000
0.000000
19.000000
17.000000
0.000000
1.000000
48.000000
2.000000
0.000000
0.000000
15.000000
0.000000
0.000000
0.000000
0.000000
0.000000
0.000000
2.000000
71.000000
0.000000
0.000000
0.000000
63.000000
0.000000
0.000000
0.000000
0.000000
21.000000
3.000000
0.000000
8.000000
0.000000
0.000000
0.000000
0.000000
0.000000
0.000000
0.000000
0.000000
0.000000
0.000000
0.000000
0.000000
0.000000
54.000000
4.000000
0.000000
0.000000
1.000000
19.000000
100.000000
0.000000
0.000000
0.000000
5.000000
39.000000
1.000000
13.000000
48.000000
4.000000
33.000000
0.000000
2.000000
3.000000
0.000000
0.000000
0.000000
43.000000
1.000000
0.000000
0.000000
33.000000
3.000000
0.000000
0.000000
2.000000
37.000000
89.000000
0.000000
0.000000
0.000000
2.000000
0.000000
1.000000
32.000000
3.000000
42.000000
11.000000
0.000000
0.000000
0.000000
0.000000
0.000000
0.000000
0.000000
0.000000
0.000000
0.000000
2.000000
0.000000
0.000000
0.000000
0.000000
0.000000
0.000000
0.000000
22.000000
20.000000
2.000000
0.000000
0.000000
0.000000
11.000000
0.000000
0.000000
0.000000
0.000000
0.000000
0.000000
1.000000
9.000000
26.000000
0.000000
0.000000
1.000000
5.000000
10.000000
1.000000
0.000000
20.000000
0.000000
0.000000
0.000000
0.000000
1.000000
0.000000
0.000000
0.000000
0.000000
0.000000
63.000000
7.000000
7.000000
0.000000
0.000000
0.000000
0.000000
