       113
         0
         0
         0
         0
         1
         0
         0
         0
         0
         0
         0
         0
         0
         0
         0
         0
         0
         0
         0
         0
         4
         0
        37
         0
        75
         0
         0
       176
         0
       238
         0
        34
         0
        46
        42
        40
         0
       209
         0
       239
         0
         6
         0
        10
        12
         0
         0
         0
        32
        20
        38
         0
         0
        18
