         0
         0
         0
        39
         4
         0
        30
        26
        28
         3
         6
         1
         0
         0
         0
         0
        20
        28
         0
         0
        19
        18
         0
         1
        48
         2
         0
         1
        14
         0
         0
         0
         0
         0
         0
         3
        71
         0
         0
         0
        63
         0
         0
         0
         0
        21
         3
         0
         8
         0
         0
         0
         0
         0
         0
         0
         0
         0
         0
         0
         0
         0
        54
         5
         0
         0
         0
        20
       101
         0
         0
         0
         5
        40
         0
        15
        49
         4
        33
         1
         1
         3
         1
         0
         0
        42
         2
         0
         0
        33
         3
         0
         1
         0
        39
        89
         0
         0
         2
         1
         0
         2
        31
         4
        42
        12
         0
         0
         0
         0
         0
         0
         0
         0
         0
         0
         2
         0
         0
         0
         0
         0
         0
         0
        22
        20
         2
         0
         0
         0
        11
         0
         0
         0
         0
         0
         0
         1
         9
        27
         0
         0
         2
         4
        11
         0
         0
        21
         0
         0
         0
         0
         1
         0
         0
         0
         0
         1
        63
         8
         7
         0
         0
         0
         0
         0
         0
         0
         0
         0
         0
         0
         1
         0
         0
         0
         0
         0
         0
         0
         0
         0
         0
         0
         0
         0
         0
         0
        40
        19
         3
         0
         0
        13
        52
       120
         9
         2
         0
        91
       123
        70
         0
         0
         0
         1
         1
        13
         3
        58
         0
         0
         0
         0
         0
        37
         0
         0
         0
         0
         0
         0
         0
         0
         0
         0
         1
         0
         0
         0
         0
         0
         0
         0
        55
         1
         0
         0
         0
         0
         0
        62
         4
         0
        77
        11
         0
         0
         0
         0
         0
         3
        66
        15
         0
         0
         0
         0
         0
        21
         3
         0
         0
         0
         3
         3
         6
        22
         0
         0
         0
         0
         0
         0
         0
         0
         0
         0
         5
         0
         0
         0
         0
         0
         2
        52
         2
         0
         5
         3
        20
         0
         0
         0
        83
         0
         0
         1
        12
         0
         0
         1
         2
         0
         0
         0
         0
        16
         5
        16
         1
         0
         0
         1
         0
         0
         0
        65
         5
         0
         0
         0
         0
         0
         0
         3
         0
         0
         0
         0
         0
         0
         0
         1
         0
         0
         0
         0
         0
        14
         0
         0
         0
         0
        54
         1
         0
         0
         0
         0
         2
         0
         2
         0
         0
         0
         0
         0
         0
         0
         0
         1
         0
         0
         8
         4
         0
         0
         0
        29
        92
        29
        45
        34
         5
         0
         0
         0
         0
         0
         0
         0
         0
         0
         0
         0
         0
         0
         0
         1
         0
         0
         0
         0
         0
         0
         0
         0
         0
         0
         0
         0
         0
         0
         0
         3
        45
        19
        30
         0
         0
         0
         0
         0
        14
        26
         0
         0
         0
         0
         1
        63
        22
        86
         1
         1
         2
         0
         0
         2
         0
         0
        18
         3
         0
         2
         0
         0
         0
         0
         0
         0
         0
         3
         0
         0
         0
         0
         0
         0
         0
         0
         0
         0
         0
         0
         0
         0
         0
         4
        22
         0
         2
        31
         0
         0
         0
         0
         0
         0
         1
         0
         0
         0
         1
        29
         3
         0
        24
         1
         1
         7
         1
         0
         0
         0
        27
         1
         0
         0
        11
         0
         0
         0
         0
