          0
          0
          0
          0
         39
          4
          0
         30
         26
         28
          3
          6
          1
          0
          0
          0
          0
         20
         28
          0
          0
         19
         18
          0
          1
         48
          2
          0
          1
         14
          0
          0
          0
          0
          0
          0
          3
         71
          0
          0
          0
         63
          0
          0
          0
          0
         21
          3
          0
          8
          0
          0
          0
          0
          0
          0
          0
          0
          0
          0
          0
          0
         54
          5
          0
          0
          0
         21
        100
          0
          0
          0
          5
         40
          0
         15
         49
          4
         33
          1
          1
          3
          1
          0
          0
         42
          2
          0
          0
         33
          3
          0
          1
          0
         39
         89
          0
          0
          2
          0
          0
          2
         32
          2
         43
         11
          0
          0
          0
          0
          0
          0
          0
          0
          0
          2
          0
          0
          0
          0
          0
          0
          0
         22
         20
          2
          0
          0
          0
         11
          0
          0
          0
          0
          0
          0
          1
          9
         27
          0
          0
          2
          4
         11
          0
          0
         21
          0
          0
          0
          0
          1
          0
          0
          0
          0
          0
         65
          6
          7
          1
          0
          0
          0
          0
          0
          0
          0
          0
          0
          1
          0
          0
          0
          0
          0
          0
          0
          0
          0
          0
          0
          0
          0
          0
          0
         40
         19
          3
