          0
          0
          0
          0
         39
          4
          0
         30
         26
         28
          3
          6
          1
          0
          0
          0
          0
         20
         28
          0
          0
         19
         18
          0
          1
         48
          2
          0
          1
         14
          0
          0
          0
          0
          0
          0
          3
         71
          0
          0
          0
         63
          0
          0
          0
          0
         21
          3
          0
          8
          0
          0
          0
          0
          0
          0
          0
          0
          0
          0
          0
          0
         54
          5
          0
          0
          0
         21
        100
          0
          0
          0
          5
         40
          0
         15
         49
          4
         33
          1
          1
          3
          1
          0
          0
         42
          2
          0
          0
         33
          3
          0
          1
          0
         39
         89
          0
          0
          2
          0
          0
          2
         32
          2
         43
         11
          0
          0
          0
          0
          0
          0
          0
          0
          0
          2
          0
          0
          0
          0
          0
          0
          0
         22
         20
          2
          0
          0
          0
         11
          0
          0
          0
          0
          0
          0
          1
          9
         27
          0
          0
          2
          4
         11
          0
          0
         21
          0
          0
          0
          0
          1
          0
          0
          0
          0
          0
         65
          6
          7
          1
          0
          0
          0
          0
          0
          0
          0
          0
          0
          1
          0
          0
          0
          0
          0
          0
          0
          0
          0
          0
          0
          0
          0
          0
          0
         40
         19
          3
          0
          0
         13
         55
        117
          9
          0
         34
          6
        226
         12
          0
          0
          2
          0
          1
         14
          3
         58
          0
          0
          0
          0
          0
          0
         47
          4
         34
          0
          0
          0
          0
          0
          0
          0
          0
          0
          0
          0
          0
          0
          0
         55
          1
          0
          0
          0
          0
          0
         62
          4
          0
         77
         11
          0
          0
          0
          0
          0
          3
         66
         15
          0
          0
          0
          0
          0
         21
          3
          0
          0
          0
          3
          3
          6
         21
          1
          0
          0
          0
          0
          0
         56
          0
          0
          0
          0
          0
          0
          0
          0
          2
         52
          2
          0
          5
          3
         20
          0
          0
          0
         82
          0
          0
          1
         12
          0
          0
          1
          2
          0
          0
          0
          0
         16
          5
         16
          1
          0
          0
          1
          0
          0
          0
         65
          5
          0
          0
          0
          0
          0
          0
          0
          0
          9
          3
         25
          3
          0
          0
          0
          0
          0
          0
          0
         14
          0
          0
          0
          0
         54
          1
          0
          0
          0
          0
          2
          0
          2
          0
          0
          0
          0
          0
          0
          0
          0
          1
          0
          0
          9
          3
          0
          0
          8
          4
        127
          2
         56
         35
          3
          0
          0
          0
          0
          0
          0
          0
          0
          0
          0
          0
          0
          0
          0
          0
          0
          0
          0
          0
          1
          0
          0
          0
          0
          0
          0
          0
          0
          0
          3
         45
         19
         30
          0
          0
          0
          0
          0
         14
         26
          0
          0
          0
          0
          1
         63
         22
         86
          1
          1
          2
          0
          0
          2
          0
          0
         17
          4
          0
          0
          0
          6
          8
          6
          9
          1
          0
          0
          0
          0
          0
          0
          0
          0
          0
          0
          0
          0
          0
          0
          0
          0
          4
         22
          0
          2
         31
          0
          0
          0
          0
          0
          0
          1
          0
          0
          0
          1
         29
          3
          0
         24
          1
          1
          7
          1
          0
          0
          0
         27
          1
          0
          0
          0
          0
         30
         49
          0
          0
          0
          3
          6
          0
          0
          0
          0
          0
          0
          0
          0
          0
          9
        136
         20
         27
          0
          0
          2
         50
          7
         16
          3
         35
          6
          0
          4
          3
         15
          0
          0
          0
          0
          0
          0
          0
          0
        109
         50
          0
          0
          3
          0
          4
          0
          0
         32
         26
          0
          0
         62
          0
          0
          0
         71
          0
          0
          0
          0
          0
          0
          0
          0
          0
          0
         12
          1
          0
          0
          1
         17
          2
          0
          1
          5
          2
          1
          0
          0
          0
          0
          0
         25
          0
          0
          0
         48
         14
          7
          2
         22
          0
          0
        117
         12
          0
          0
         15
          0
          0
          0
          0
          0
          0
          1
          5
          1
         86
          5
          0
          0
          2
          2
          0
          0
          0
          0
          0
          0
          0
         24
         15
          0
          0
          0
          0
          0
          0
          0
          0
         10
          0
          0
          0
          0
          0
         22
          2
         28
          0
          0
         13
          0
          0
          0
          1
          0
          9
          0
          0
          0
          0
          0
         24
         30
          5
          7
          0
          0
          0
          0
          0
          0
          0
          0
          0
          0
          0
          0
          0
          0
          0
          0
