       113
         0
         0
         0
         0
         1
         0
         0
         0
         0
         0
         0
         0
         0
         0
         0
         0
         0
         0
         0
         0
         0
         0
         3
        28
         0
         0
         4
        49
         0
         0
         0
         0
         1
         0
        21
         0
       140
         0
         0
         0
        57
         0
       221
         0
        43
        95
         0
         0
        99
        68
         0
       141
         0
         0
        32
         0
         0
        19
         0
         3
         0
         0
         0
        58
         0
        70
         0
         6
         0
       119
         0
         5
         1
         0
         0
         0
        54
         0
        68
         0
        27
         0
        24
         0
         0
         7
         6
         0
        40
        12
         4
         7
         0
         0
        35
        77
         2
         0
         5
       191
         0
         8
         5
         0
        35
        29
         0
       103
        55
        31
         0
       115
         0
        29
         0
         9
         0
        28
        57
        54
       133
         0
         0
         0
         0
       284
        64
         0
         0
         0
        30
        22
         0
         0
         0
         0
         0
         0
         0
         0
       214
         0
         0
        28
         0
         0
         0
         0
         6
        19
         0
         0
       277
       224
         0
         0
         0
         0
       173
       154
         0
         0
         0
         0
        62
        43
       132
         0
        19
         0
        32
       128
         0
         0
         0
         0
         0
        41
         0
         0
        13
         0
         0
         0
         0
         0
         0
       152
       141
         0
         6
       182
       172
       125
         0
        98
        20
         0
         0
        30
         0
       229
         0
       183
         0
         0
        15
        23
        14
         0
         0
         0
         0
         0
       120
        63
        63
       149
       130
        37
         3
        58
        40
         6
         0
         0
        34
         0
        63
         0
         0
        64
         0
         5
         9
        20
         0
         0
         9
         0
        90
        23
        30
        29
         0
        26
         0
        97
        59
       111
         0
         0
        16
        16
         0
         0
       143
       126
         0
         0
         0
       108
        45
         0
